1 1.9225849595652034
2 1.9225849595652034
3 1.7985012836088803
4 1.7985012836088803
5 1.7985012836088803
6 1.6044970659302842
7 1.6044970659302842
8 1.6044970659302842
9 1.213388216311722
10 1.1603626701781358
11 1.1603626701781358
12 1.1603626701781358
13 1.1603626701781358
14 1.1603626701781358
15 1.1603626701781358
16 1.1603626701781358
17 0.9403056223339938
18 0.9403056223339938
19 0.3942227134217877
20 0.011816509499944498
21 0.010809341957698339
22 0.007213637553159735
23 0.005227041004279414
24 0.005227041004279414
25 0.004487613309363974
26 0.004487613309363974
27 0.004487613309363974
28 0.004487613309363974
29 0.004487613309363974
30 0.004487613309363974
31 0.004487613309363974
32 0.004243512998571684
33 0.0002601218597466486
34 0.0002601218597466486
35 0.00024269504351702757
36 8.597774329809875e-05
37 8.597774329809875e-05
38 8.597774329809875e-05
39 8.597774329809875e-05
40 8.597774329809875e-05
41 8.597774329809875e-05
42 8.597774329809875e-05
43 8.597774329809875e-05
44 8.597774329809875e-05
45 7.260022438526047e-05
46 7.260022438526047e-05
47 7.260022438526047e-05
48 7.260022438526047e-05
49 7.260022438526047e-05
50 1.2274471060647738e-05
51 1.1731775539752659e-05
52 1.1410967607063539e-05
53 1.1410967607063539e-05
54 1.1410967607063539e-05
55 1.1410967607063539e-05
56 1.1410967607063539e-05
57 1.1410967607063539e-05
58 1.1410967607063539e-05
59 1.1410967607063539e-05
60 9.709091887414176e-06
61 9.709091887414176e-06
62 9.709091887414176e-06
63 9.709091887414176e-06
64 9.709091887414176e-06
65 9.709091887414176e-06
66 9.709091887414176e-06
67 9.709091887414176e-06
68 9.709091887414176e-06
69 9.709091887414176e-06
70 9.709091887414176e-06
71 9.709091887414176e-06
72 9.709091887414176e-06
73 6.237244870432334e-06
74 6.237244870432334e-06
75 6.237244870432334e-06
76 6.237244870432334e-06
77 6.237244870432334e-06
78 6.237244870432334e-06
79 1.8732289725689302e-06
80 1.8732289725689302e-06
81 1.8732289725689302e-06
82 1.8726576961753284e-06
83 1.5866102267342133e-06
84 1.5866102267342133e-06
85 1.442921423973343e-06
86 1.442921423973343e-06
87 1.442921423973343e-06
88 1.442921423973343e-06
89 1.442921423973343e-06
90 7.718421917579213e-07
91 7.718421917579213e-07
92 7.718421917579213e-07
93 7.718421917579213e-07
94 2.9199275850127067e-07
95 2.9199275850127067e-07
96 2.9199275850127067e-07
97 2.9199275850127067e-07
98 2.9199275850127067e-07
99 2.9199275850127067e-07
100 2.9199275850127067e-07
