1 0.4733290088672698
2 0.4733290088672698
3 0.4733290088672698
4 0.4733290088672698
5 0.4733290088672698
6 0.4733290088672698
7 0.4733290088672698
8 0.4733290088672698
9 0.4733290088672698
10 0.4733290088672698
11 0.4733290088672698
12 0.2527190217562187
13 0.2527190217562187
14 0.1432080722263246
15 0.1432080722263246
16 0.1432080722263246
17 0.1432080722263246
18 0.13953920440289833
19 0.13953920440289833
20 0.12000998239714743
21 0.12000998239714743
22 0.12000998239714743
23 0.09078479704515302
24 0.09078479704515302
25 0.09078479704515302
26 0.09078479704515302
27 0.09078479704515302
28 0.050405399391139256
29 0.004842892616708568
30 0.0036154967016982426
31 0.003445129699918264
32 0.0015955324955235714
33 0.0015955324955235714
34 0.0015955324955235714
35 0.0015955324955235714
36 0.0015955324955235714
37 0.0015955324955235714
38 0.0015955324955235714
39 0.0015955324955235714
40 0.0015955324955235714
41 0.0015955324955235714
42 0.0015955324955235714
43 0.0015955324955235714
44 0.0005137945573709213
45 0.0005137945573709213
46 0.0005137945573709213
47 0.0005137945573709213
48 0.0005137945573709213
49 0.0005137945573709213
50 0.00040958868908716397
51 0.0003767627062637367
52 0.0003767627062637367
53 0.0003767627062637367
54 0.0003767627062637367
55 0.0003767627062637367
56 9.509307846186148e-05
57 9.509307846186148e-05
58 9.509307846186148e-05
59 9.509307846186148e-05
60 9.124426736244371e-06
61 9.124426736244371e-06
62 9.124426736244371e-06
63 9.124426736244371e-06
64 9.124426736244371e-06
65 6.688073605002566e-06
66 4.1784528551957684e-06
67 4.1784528551957684e-06
68 4.174071648425931e-06
69 4.174071648425931e-06
70 3.3355743268318195e-06
71 3.3355743268318195e-06
72 3.3355743268318195e-06
73 3.07631716229663e-06
74 3.07631716229663e-06
75 3.07631716229663e-06
76 2.7035848950114373e-06
77 2.7035848950114373e-06
78 2.7035848950114373e-06
79 2.7035848950114373e-06
80 2.7035848950114373e-06
81 2.7035848950114373e-06
82 2.7035848950114373e-06
83 1.4867491236128318e-06
84 1.4867491236128318e-06
85 1.4867491236128318e-06
86 1.4852768789765843e-06
87 8.379134330661985e-07
88 8.379134330661985e-07
89 8.379134330661985e-07
90 8.379134330661985e-07
91 8.379134330661985e-07
92 8.379134330661985e-07
93 8.379134330661985e-07
94 8.379134330661985e-07
95 8.379134330661985e-07
96 8.357327772801735e-07
97 7.040812797232945e-07
98 3.6953073916271517e-07
99 3.6953073916271517e-07
100 3.6953073916271517e-07
