1 54.25240388380564
2 11.801028829167553
3 14.941161900505438
4 14.584765443129564
5 20.545272129846108
6 12.221272237989691
7 19.35957595826314
8 17.0392496901936
9 9.269743794627578
10 9.56882364183087
11 10.792024174500632
12 14.527572169339821
13 15.27668220085629
14 15.75545198686108
15 13.12289546551422
16 6.571468595937661
17 10.029589405393308
18 21.633221305140165
19 10.757738409794264
20 14.360046287060891
21 19.356674971866724
22 22.095478797186086
23 16.528457767416292
24 10.83500392579211
25 13.516873959591994
26 18.301187775092828
27 13.757502688672819
28 18.51663416620664
29 12.733134323039662
30 17.140749458177112
31 14.805116569625962
32 15.103055253897482
33 13.707768560610038
34 10.39640030170671
35 15.182437343619934
36 8.421597989313705
37 17.671026766298244
38 10.019695274926788
39 14.420739187709417
40 14.590393079379071
41 15.232206020409937
42 12.25941153428874
43 23.05832324341455
44 9.441517212309362
45 14.056456714069999
46 16.97639663573172
47 8.441629971170405
48 13.713163125353043
49 17.240367445258833
50 11.205755986849852
51 14.190094260397426
52 9.826800151730064
53 26.340375888809678
54 16.734057249982722
55 16.927569159704774
56 15.424331329006266
57 16.153239486541352
58 17.546990534677455
59 9.937473682868507
60 21.549904531163364
61 10.855726214146141
62 12.798745113799129
63 14.88012709122623
64 19.91061583410302
65 8.392519923668003
66 17.23430092495583
67 17.955431789252334
68 10.859198960764019
69 17.869891702935167
70 14.015702010657415
71 12.649207801605648
72 19.96752418136767
73 15.147690557039931
74 20.41575529388599
75 20.987370117698287
76 18.995542138026185
77 18.677303977475937
78 11.294392051434139
79 15.29908934105285
80 16.07715819459466
81 20.285228204959893
82 20.657962864765686
83 15.51133426250606
84 17.11760675238923
85 18.250842826289443
86 15.55204205720413
87 10.924838468361315
88 17.140690373334163
89 12.08420915444519
90 21.999557950972488
91 9.750893018873207
92 16.057113175501968
93 16.64400159306735
94 11.003404717760414
95 20.561201478722825
96 16.43333461001479
97 14.279858733504067
98 11.95249518567726
99 6.765007368942861
100 16.79239106232213
