1 29.58860574095306
2 32.133825489066645
3 40.962219749833835
4 41.99040923776688
5 51.87999414657346
6 33.83526109675815
7 49.850867456307505
8 43.53534039454661
9 29.982676592593908
10 35.19544873720429
11 36.06833564294622
12 39.69614901337008
13 43.6853934076659
14 41.68390662259341
15 40.47933970968599
16 22.388471607335735
17 30.08226361315039
18 50.86771170646866
19 31.906377962420212
20 42.89263962499387
21 52.59652648858684
22 53.201483980204905
23 43.80475799700015
24 33.1347669095549
25 43.5252638939538
26 47.26395340395911
27 43.73310200552758
28 47.22687900911987
29 42.66945155282093
30 46.203402892172065
31 42.27638906921545
32 38.97449709958831
33 44.7495170416096
34 32.657227626578695
35 39.41240847247442
36 33.47190036732261
37 47.72020752098052
38 33.50748043220524
39 42.30847054331041
40 38.599075129950535
41 42.27640591859693
42 37.17144823871935
43 53.764994987243504
44 34.55510638044879
45 38.7474600374223
46 44.227578425235514
47 30.46232624597499
48 37.163378287827506
49 41.49377957362368
50 38.980658090597736
51 46.47628432723052
52 32.193447752459974
53 56.44556889646637
54 47.93896456307992
55 47.80046901966792
56 45.40732900739768
57 43.01117414624243
58 50.96478716464114
59 35.46870714582838
60 50.39020211470241
61 38.768523027563944
62 37.84738587371992
63 43.44268205347046
64 49.600573670468165
65 33.683608033860786
66 50.475198513614
67 45.10408923773162
68 36.5732716214526
69 49.269566232838734
70 44.679850892881376
71 41.59843089127329
72 48.06240902459057
73 47.47645039777716
74 52.741676315646174
75 52.83199535278021
76 47.80451066596511
77 50.80506389846557
78 41.66818292242706
79 38.362148109229
80 45.74335180772121
81 54.748810060887195
82 52.62237359048278
83 49.80912481247583
84 47.77915726796502
85 43.23161600258224
86 41.051275440171544
87 39.107205875377524
88 46.833717317689114
89 40.657273507355086
90 51.24924180704452
91 32.234120299150526
92 43.53349407207095
93 43.69232922075351
94 37.08680785654073
95 46.41086217035278
96 48.39016266412779
97 44.598391030066
98 39.72451843833364
99 28.554730882687302
100 46.67090735228632
